d_villes = [
 [0, 366, 609, 797, 300, 776, 369, 514, 372, 444, 690, 324], 
 [366, 0, 326, 425, 598, 404, 462, 473, 640, 591, 434, 506], 
 [609, 326, 0, 206, 909, 185, 772, 799, 958, 898, 769, 407], 
 [797, 425, 206, 0, 1069, 21, 915, 873, 1065, 1015, 824, 586], 
 [300, 598, 909, 1069, 0, 1048, 379, 549, 106, 357, 795, 540], 
 [776, 404, 185, 21, 1048, 0, 894, 852, 1044, 995, 803, 565], 
 [369, 462, 772, 915, 379, 894, 0, 147, 331, 117, 442, 678], 
 [514, 473, 799, 873, 549, 852, 147, 0, 498, 233, 330, 824], 
 [372, 640, 958, 1065, 106, 1044, 331, 498, 0, 290, 771, 652], 
 [444, 591, 898, 1015, 357, 995, 117, 233, 290, 0, 566, 768], 
 [690, 434, 769, 824, 795, 803, 442, 330, 771, 566, 0, 940], 
 [324, 506, 407, 586, 540, 565, 678, 824, 652, 768, 940, 0]
]
